time	time	departures_all	arrivals_all	stuck_all	en-route_all	departures_pt	arrivals_pt	stuck_pt	en-route_pt	departures_transit_walk	arrivals_transit_walk	stuck_transit_walk	en-route_transit_walk
00:00:00	0	0	0	0	0	0	0	0	0	0	0	0	0
00:05:00	300	0	0	0	0	0	0	0	0	0	0	0	0
00:10:00	600	0	0	0	0	0	0	0	0	0	0	0	0
00:15:00	900	0	0	0	0	0	0	0	0	0	0	0	0
00:20:00	1200	0	0	0	0	0	0	0	0	0	0	0	0
00:25:00	1500	0	0	0	0	0	0	0	0	0	0	0	0
00:30:00	1800	0	0	0	0	0	0	0	0	0	0	0	0
00:35:00	2100	0	0	0	0	0	0	0	0	0	0	0	0
00:40:00	2400	0	0	0	0	0	0	0	0	0	0	0	0
00:45:00	2700	1	0	0	1	0	0	0	0	1	0	0	1
00:50:00	3000	0	0	0	1	0	0	0	0	0	0	0	1
00:55:00	3300	0	0	0	1	0	0	0	0	0	0	0	1
01:00:00	3600	0	1	0	0	0	0	0	0	0	1	0	0
01:05:00	3900	1	1	0	0	0	0	0	0	1	1	0	0
01:10:00	4200	0	0	0	0	0	0	0	0	0	0	0	0
01:15:00	4500	0	0	0	0	0	0	0	0	0	0	0	0
01:20:00	4800	1	0	0	1	0	0	0	0	1	0	0	1
01:25:00	5100	0	0	0	1	0	0	0	0	0	0	0	1
01:30:00	5400	1	0	0	2	0	0	0	0	1	0	0	2
01:35:00	5700	0	0	0	2	0	0	0	0	0	0	0	2
01:40:00	6000	0	0	0	2	0	0	0	0	0	0	0	2
01:45:00	6300	1	1	0	2	0	0	0	0	1	1	0	2
01:50:00	6600	0	0	0	2	0	0	0	0	0	0	0	2
01:55:00	6900	2	2	0	2	0	0	0	0	2	2	0	2
02:00:00	7200	0	0	0	2	0	0	0	0	0	0	0	2
02:05:00	7500	3	2	0	3	0	0	0	0	3	2	0	3
02:10:00	7800	1	1	0	3	0	0	0	0	1	1	0	3
02:15:00	8100	0	0	0	3	0	0	0	0	0	0	0	3
02:20:00	8400	0	0	0	3	0	0	0	0	0	0	0	3
02:25:00	8700	1	1	0	3	0	0	0	0	1	1	0	3
02:30:00	9000	1	1	0	3	0	0	0	0	1	1	0	3
02:35:00	9300	0	0	0	3	0	0	0	0	0	0	0	3
02:40:00	9600	2	2	0	3	0	0	0	0	2	2	0	3
02:45:00	9900	0	0	0	3	0	0	0	0	0	0	0	3
02:50:00	10200	2	2	0	3	0	0	0	0	2	2	0	3
02:55:00	10500	1	1	0	3	0	0	0	0	1	1	0	3
03:00:00	10800	0	0	0	3	0	0	0	0	0	0	0	3
03:05:00	11100	2	2	0	3	0	0	0	0	2	2	0	3
03:10:00	11400	1	1	0	3	0	0	0	0	1	1	0	3
03:15:00	11700	0	0	0	3	0	0	0	0	0	0	0	3
03:20:00	12000	0	1	0	2	0	0	0	0	0	1	0	2
03:25:00	12300	0	1	0	1	0	0	0	0	0	1	0	1
03:30:00	12600	0	0	0	1	0	0	0	0	0	0	0	1
03:35:00	12900	0	0	0	1	0	0	0	0	0	0	0	1
03:40:00	13200	0	0	0	1	0	0	0	0	0	0	0	1
03:45:00	13500	0	0	0	1	0	0	0	0	0	0	0	1
03:50:00	13800	0	0	0	1	0	0	0	0	0	0	0	1
03:55:00	14100	0	0	0	1	0	0	0	0	0	0	0	1
04:00:00	14400	0	1	0	0	0	0	0	0	0	1	0	0
04:05:00	14700	0	0	0	0	0	0	0	0	0	0	0	0
04:10:00	15000	4	1	0	3	1	0	0	1	3	1	0	2
04:15:00	15300	1	0	0	4	0	0	0	1	1	0	0	3
04:20:00	15600	3	1	0	6	1	0	0	2	2	1	0	4
04:25:00	15900	15	8	0	13	5	0	0	7	10	8	0	6
04:30:00	16200	25	9	0	29	8	0	0	15	17	9	0	14
04:35:00	16500	37	13	0	53	9	0	0	24	28	13	0	29
04:40:00	16800	62	27	0	88	24	0	0	48	38	27	0	40
04:45:00	17100	94	50	0	132	45	0	0	93	49	50	0	39
04:50:00	17400	133	82	0	183	72	0	0	165	61	82	0	18
04:55:00	17700	169	97	0	255	83	0	0	248	86	97	0	7
05:00:00	18000	273	152	0	376	112	5	0	355	161	147	0	21
05:05:00	18300	276	191	0	461	105	39	0	421	171	152	0	40
05:10:00	18600	364	328	0	497	121	91	0	451	243	237	0	46
05:15:00	18900	430	434	0	493	127	155	0	423	303	279	0	70
05:20:00	19200	663	741	0	415	188	253	0	358	475	488	0	57
05:25:00	19500	511	459	0	467	184	121	0	421	327	338	0	46
05:30:00	19800	559	499	0	527	176	164	0	433	383	335	0	94
05:35:00	20100	685	623	0	589	236	165	0	504	449	458	0	85
05:40:00	20400	727	629	0	687	254	160	0	598	473	469	0	89
05:45:00	20700	953	854	0	786	335	231	0	702	618	623	0	84
05:50:00	21000	1035	893	0	928	354	238	0	818	681	655	0	110
05:55:00	21300	1139	1012	0	1055	392	258	0	952	747	754	0	103
06:00:00	21600	1466	1250	0	1271	508	353	0	1107	958	897	0	164
06:05:00	21900	1532	1351	0	1452	540	366	0	1281	992	985	0	171
06:10:00	22200	1594	1555	0	1491	493	480	0	1294	1101	1075	0	197
06:15:00	22500	1939	1826	0	1604	628	537	0	1385	1311	1289	0	219
06:20:00	22800	2003	1883	0	1724	668	560	0	1493	1335	1323	0	231
06:25:00	23100	2084	1979	0	1829	712	588	0	1617	1372	1391	0	212
06:30:00	23400	2349	2249	0	1929	760	683	0	1694	1589	1566	0	235
06:35:00	23700	2304	2286	0	1947	743	718	0	1719	1561	1568	0	228
06:40:00	24000	2294	2198	0	2043	729	676	0	1772	1565	1522	0	271
06:45:00	24300	2217	2360	0	1900	683	784	0	1671	1534	1576	0	229
06:50:00	24600	2357	2324	0	1933	714	763	0	1622	1643	1561	0	311
06:55:00	24900	2477	2431	0	1979	812	770	0	1664	1665	1661	0	315
07:00:00	25200	2274	2378	0	1875	714	769	0	1609	1560	1609	0	266
07:05:00	25500	2336	2265	0	1946	710	759	0	1560	1626	1506	0	386
07:10:00	25800	2490	2472	0	1964	827	709	0	1678	1663	1763	0	286
07:15:00	26100	2256	2152	0	2068	741	662	0	1757	1515	1490	0	311
07:20:00	26400	2545	2469	0	2144	850	712	0	1895	1695	1757	0	249
07:25:00	26700	2491	2255	0	2380	846	637	0	2104	1645	1618	0	276
07:30:00	27000	2278	2201	0	2457	716	690	0	2130	1562	1511	0	327
07:35:00	27300	2293	2276	0	2474	726	689	0	2167	1567	1587	0	307
07:40:00	27600	2229	2242	0	2461	687	734	0	2120	1542	1508	0	341
07:45:00	27900	2006	2057	0	2410	624	618	0	2126	1382	1439	0	284
07:50:00	28200	2068	2203	0	2275	547	813	0	1860	1521	1390	0	415
07:55:00	28500	1986	2266	0	1995	579	806	0	1633	1407	1460	0	362
08:00:00	28800	2097	2305	0	1787	588	808	0	1413	1509	1497	0	374
08:05:00	29100	1936	2203	0	1520	554	723	0	1244	1382	1480	0	276
08:10:00	29400	1867	2050	0	1337	516	683	0	1077	1351	1367	0	260
08:15:00	29700	1730	1727	0	1340	506	527	0	1056	1224	1200	0	284
08:20:00	30000	1745	1702	0	1383	553	488	0	1121	1192	1214	0	262
08:25:00	30300	1618	1675	0	1326	471	522	0	1070	1147	1153	0	256
08:30:00	30600	1697	1693	0	1330	520	520	0	1070	1177	1173	0	260
08:35:00	30900	1730	1726	0	1334	532	498	0	1104	1198	1228	0	230
08:40:00	31200	1679	1644	0	1369	515	487	0	1132	1164	1157	0	237
08:45:00	31500	1648	1703	0	1314	463	557	0	1038	1185	1146	0	276
08:50:00	31800	1742	1766	0	1290	540	514	0	1064	1202	1252	0	226
08:55:00	32100	1577	1640	0	1227	432	528	0	968	1145	1112	0	259
09:00:00	32400	1586	1596	0	1217	470	468	0	970	1116	1128	0	247
09:05:00	32700	1650	1653	0	1214	485	480	0	975	1165	1173	0	239
09:10:00	33000	1598	1571	0	1241	475	421	0	1029	1123	1150	0	212
09:15:00	33300	1710	1688	0	1263	502	523	0	1008	1208	1165	0	255
09:20:00	33600	1526	1515	0	1274	459	395	0	1072	1067	1120	0	202
09:25:00	33900	1788	1721	0	1341	522	535	0	1059	1266	1186	0	282
09:30:00	34200	1655	1714	0	1282	474	479	0	1054	1181	1235	0	228
09:35:00	34500	1613	1615	0	1280	476	478	0	1052	1137	1137	0	228
09:40:00	34800	1581	1636	0	1225	470	494	0	1028	1111	1142	0	197
09:45:00	35100	1659	1734	0	1150	455	517	0	966	1204	1217	0	184
09:50:00	35400	1635	1613	0	1172	471	460	0	977	1164	1153	0	195
09:55:00	35700	1600	1601	0	1171	458	479	0	956	1142	1122	0	215
10:00:00	36000	1466	1477	0	1160	427	392	0	991	1039	1085	0	169
10:05:00	36300	1567	1552	0	1175	437	481	0	947	1130	1071	0	228
10:10:00	36600	1544	1516	0	1203	460	423	0	984	1084	1093	0	219
10:15:00	36900	1714	1644	0	1273	495	468	0	1011	1219	1176	0	262
10:20:00	37200	1565	1609	0	1229	448	447	0	1012	1117	1162	0	217
10:25:00	37500	1692	1642	0	1279	497	468	0	1041	1195	1174	0	238
10:30:00	37800	1690	1733	0	1236	480	485	0	1036	1210	1248	0	200
10:35:00	38100	1743	1711	0	1268	512	511	0	1037	1231	1200	0	231
10:40:00	38400	1548	1612	0	1204	415	459	0	993	1133	1153	0	211
10:45:00	38700	1689	1671	0	1222	490	484	0	999	1199	1187	0	223
10:50:00	39000	1694	1676	0	1240	491	500	0	990	1203	1176	0	250
10:55:00	39300	1627	1634	0	1233	487	448	0	1029	1140	1186	0	204
11:00:00	39600	1583	1504	0	1312	464	429	0	1064	1119	1075	0	248
11:05:00	39900	1613	1618	0	1307	473	463	0	1074	1140	1155	0	233
11:10:00	40200	1750	1727	0	1330	498	501	0	1071	1252	1226	0	259
11:15:00	40500	1601	1687	0	1244	464	485	0	1050	1137	1202	0	194
11:20:00	40800	1627	1599	0	1272	450	479	0	1021	1177	1120	0	251
11:25:00	41100	1617	1616	0	1273	476	452	0	1045	1141	1164	0	228
11:30:00	41400	1680	1652	0	1301	490	457	0	1078	1190	1195	0	223
11:35:00	41700	1661	1723	0	1239	462	510	0	1030	1199	1213	0	209
11:40:00	42000	1795	1755	0	1279	538	507	0	1061	1257	1248	0	218
11:45:00	42300	1795	1769	0	1305	523	517	0	1067	1272	1252	0	238
11:50:00	42600	1719	1738	0	1286	496	499	0	1064	1223	1239	0	222
11:55:00	42900	1788	1727	0	1347	523	492	0	1095	1265	1235	0	252
12:00:00	43200	1866	1744	0	1469	594	476	0	1213	1272	1268	0	256
12:05:00	43500	2028	1998	0	1499	595	574	0	1234	1433	1424	0	265
12:10:00	43800	2022	1920	0	1601	616	513	0	1337	1406	1407	0	264
12:15:00	44100	2053	2069	0	1585	606	635	0	1308	1447	1434	0	277
12:20:00	44400	1775	1814	0	1546	485	546	0	1247	1290	1268	0	299
12:25:00	44700	2024	2064	0	1506	599	591	0	1255	1425	1473	0	251
12:30:00	45000	1935	1971	0	1470	573	566	0	1262	1362	1405	0	208
12:35:00	45300	1830	1893	0	1407	501	564	0	1199	1329	1329	0	208
12:40:00	45600	1786	1827	0	1366	501	538	0	1162	1285	1289	0	204
12:45:00	45900	1815	1882	0	1299	493	572	0	1083	1322	1310	0	216
12:50:00	46200	1661	1669	0	1291	478	502	0	1059	1183	1167	0	232
12:55:00	46500	1662	1663	0	1290	482	489	0	1052	1180	1174	0	238
13:00:00	46800	1583	1584	0	1289	450	438	0	1064	1133	1146	0	225
13:05:00	47100	1733	1674	0	1348	541	478	0	1127	1192	1196	0	221
13:10:00	47400	1930	1816	0	1462	599	526	0	1200	1331	1290	0	262
13:15:00	47700	1671	1697	0	1436	505	453	0	1252	1166	1244	0	184
13:20:00	48000	1753	1756	0	1433	473	567	0	1158	1280	1189	0	275
13:25:00	48300	1736	1749	0	1420	535	497	0	1196	1201	1252	0	224
13:30:00	48600	1720	1749	0	1391	475	551	0	1120	1245	1198	0	271
13:35:00	48900	1586	1725	0	1252	435	494	0	1061	1151	1231	0	191
13:40:00	49200	1664	1595	0	1321	493	441	0	1113	1171	1154	0	208
13:45:00	49500	1545	1464	0	1402	471	436	0	1148	1074	1028	0	254
13:50:00	49800	1550	1497	0	1455	464	416	0	1196	1086	1081	0	259
13:55:00	50100	1560	1582	0	1433	477	410	0	1263	1083	1172	0	170
14:00:00	50400	1449	1382	0	1500	415	346	0	1332	1034	1036	0	168
14:05:00	50700	1618	1553	0	1565	470	503	0	1299	1148	1050	0	266
14:10:00	51000	1659	1714	0	1510	482	498	0	1283	1177	1216	0	227
14:15:00	51300	1824	1997	0	1337	484	672	0	1095	1340	1325	0	242
14:20:00	51600	1745	1784	0	1298	506	523	0	1078	1239	1261	0	220
14:25:00	51900	1754	1823	0	1229	482	557	0	1003	1272	1266	0	226
14:30:00	52200	1574	1647	0	1156	441	468	0	976	1133	1179	0	180
14:35:00	52500	1679	1632	0	1203	479	454	0	1001	1200	1178	0	202
14:40:00	52800	1672	1591	0	1284	499	439	0	1061	1173	1152	0	223
14:45:00	53100	1655	1663	0	1276	491	463	0	1089	1164	1200	0	187
14:50:00	53400	1659	1608	0	1327	471	466	0	1094	1188	1142	0	233
14:55:00	53700	1671	1838	0	1160	474	547	0	1021	1197	1291	0	139
15:00:00	54000	1648	1605	0	1203	438	522	0	937	1210	1083	0	266
15:05:00	54300	1628	1670	0	1161	473	454	0	956	1155	1216	0	205
15:10:00	54600	1648	1619	0	1190	476	447	0	985	1172	1172	0	205
15:15:00	54900	1745	1706	0	1229	509	490	0	1004	1236	1216	0	225
15:20:00	55200	1650	1638	0	1241	482	486	0	1000	1168	1152	0	241
15:25:00	55500	1628	1667	0	1202	444	472	0	972	1184	1195	0	230
15:30:00	55800	1511	1535	0	1178	420	444	0	948	1091	1091	0	230
15:35:00	56100	1602	1684	0	1096	435	491	0	892	1167	1193	0	204
15:40:00	56400	1701	1604	0	1193	498	439	0	951	1203	1165	0	242
15:45:00	56700	1794	1769	0	1218	542	473	0	1020	1252	1296	0	198
15:50:00	57000	1599	1600	0	1217	456	453	0	1023	1143	1147	0	194
15:55:00	57300	1704	1690	0	1231	491	480	0	1034	1213	1210	0	197
16:00:00	57600	1761	1741	0	1251	508	483	0	1059	1253	1258	0	192
16:05:00	57900	1832	1807	0	1276	521	521	0	1059	1311	1286	0	217
16:10:00	58200	1887	1824	0	1339	551	518	0	1092	1336	1306	0	247
16:15:00	58500	1809	1838	0	1310	519	515	0	1096	1290	1323	0	214
16:20:00	58800	1937	1898	0	1349	562	566	0	1092	1375	1332	0	257
16:25:00	59100	1816	1732	0	1433	547	449	0	1190	1269	1283	0	243
16:30:00	59400	2024	2094	0	1363	550	636	0	1104	1474	1458	0	259
16:35:00	59700	1943	1896	0	1410	573	498	0	1179	1370	1398	0	231
16:40:00	60000	2013	1947	0	1476	601	535	0	1245	1412	1412	0	231
16:45:00	60300	2065	2070	0	1471	610	579	0	1276	1455	1491	0	195
16:50:00	60600	1967	1944	0	1494	541	572	0	1245	1426	1372	0	249
16:55:00	60900	2082	2045	0	1531	634	578	0	1301	1448	1467	0	230
17:00:00	61200	2332	2212	0	1651	668	614	0	1355	1664	1598	0	296
17:05:00	61500	2580	2384	0	1847	824	657	0	1522	1756	1727	0	325
17:10:00	61800	2521	2398	0	1970	795	651	0	1666	1726	1747	0	304
17:15:00	62100	2739	2621	0	2088	826	759	0	1733	1913	1862	0	355
17:20:00	62400	2667	2651	0	2104	817	739	0	1811	1850	1912	0	293
17:25:00	62700	2911	2840	0	2175	922	817	0	1916	1989	2023	0	259
17:30:00	63000	2805	2691	0	2289	832	794	0	1954	1973	1897	0	335
17:35:00	63300	2832	2659	0	2462	894	733	0	2115	1938	1926	0	347
17:40:00	63600	3076	3060	0	2478	969	867	0	2217	2107	2193	0	261
17:45:00	63900	2877	2778	0	2577	879	854	0	2242	1998	1924	0	335
17:50:00	64200	3084	3128	0	2533	901	980	0	2163	2183	2148	0	370
17:55:00	64500	2946	3146	0	2333	866	983	0	2046	2080	2163	0	287
18:00:00	64800	3035	3045	0	2323	885	953	0	1978	2150	2092	0	345
18:05:00	65100	3115	2971	0	2467	963	850	0	2091	2152	2121	0	376
18:10:00	65400	3232	3200	0	2499	1016	920	0	2187	2216	2280	0	312
18:15:00	65700	2909	2950	0	2458	834	898	0	2123	2075	2052	0	335
18:20:00	66000	2847	2959	0	2346	823	925	0	2021	2024	2034	0	325
18:25:00	66300	2890	3039	0	2197	826	931	0	1916	2064	2108	0	281
18:30:00	66600	2569	2792	0	1974	687	912	0	1691	1882	1880	0	283
18:35:00	66900	2535	2655	0	1854	689	835	0	1545	1846	1820	0	309
18:40:00	67200	2420	2553	0	1721	715	761	0	1499	1705	1792	0	222
18:45:00	67500	2267	2404	0	1584	612	753	0	1358	1655	1651	0	226
18:50:00	67800	1978	1995	0	1567	569	607	0	1320	1409	1388	0	247
18:55:00	68100	1918	2079	0	1406	515	646	0	1189	1403	1433	0	217
19:00:00	68400	1731	1760	0	1377	493	484	0	1198	1238	1276	0	179
19:05:00	68700	1732	1691	0	1418	507	472	0	1233	1225	1219	0	185
19:10:00	69000	1700	1634	0	1484	509	429	0	1313	1191	1205	0	171
19:15:00	69300	1547	1562	0	1469	436	438	0	1311	1111	1124	0	158
19:20:00	69600	1494	1461	0	1502	437	390	0	1358	1057	1071	0	144
19:25:00	69900	1598	1722	0	1378	407	580	0	1185	1191	1142	0	193
19:30:00	70200	1496	1611	0	1263	407	513	0	1079	1089	1098	0	184
19:35:00	70500	1414	1647	0	1030	352	543	0	888	1062	1104	0	142
19:40:00	70800	1237	1367	0	900	340	456	0	772	897	911	0	128
19:45:00	71100	1180	1217	0	863	330	368	0	734	850	849	0	129
19:50:00	71400	1055	1136	0	782	275	341	0	668	780	795	0	114
19:55:00	71700	1091	1166	0	707	294	347	0	615	797	819	0	92
20:00:00	72000	1044	1024	0	727	314	292	0	637	730	732	0	90
20:05:00	72300	1032	1015	0	744	302	301	0	638	730	714	0	106
20:10:00	72600	1021	986	0	779	296	260	0	674	725	726	0	105
20:15:00	72900	1090	1094	0	775	323	329	0	668	767	765	0	107
20:20:00	73200	1058	1122	0	711	304	331	0	641	754	791	0	70
20:25:00	73500	1012	984	0	739	279	292	0	628	733	692	0	111
20:30:00	73800	991	987	0	743	280	276	0	632	711	711	0	111
20:35:00	74100	1053	974	0	822	325	264	0	693	728	710	0	129
20:40:00	74400	1010	1006	0	826	300	282	0	711	710	724	0	115
20:45:00	74700	1042	1043	0	825	306	314	0	703	736	729	0	122
20:50:00	75000	1051	1093	0	783	303	330	0	676	748	763	0	107
20:55:00	75300	1071	1097	0	757	313	325	0	664	758	772	0	93
21:00:00	75600	1145	1063	0	839	359	285	0	738	786	778	0	101
21:05:00	75900	1126	1082	0	883	341	290	0	789	785	792	0	94
21:10:00	76200	1133	1047	0	969	360	286	0	863	773	761	0	106
21:15:00	76500	1299	1293	0	975	375	395	0	843	924	898	0	132
21:20:00	76800	1270	1267	0	978	379	379	0	843	891	888	0	135
21:25:00	77100	1205	1230	0	953	340	380	0	803	865	850	0	150
21:30:00	77400	1155	1140	0	968	346	323	0	826	809	817	0	142
21:35:00	77700	1081	1142	0	907	301	363	0	764	780	779	0	143
21:40:00	78000	983	1076	0	814	264	334	0	694	719	742	0	120
21:45:00	78300	997	1016	0	795	278	289	0	683	719	727	0	112
21:50:00	78600	928	1046	0	677	238	327	0	594	690	719	0	83
21:55:00	78900	804	867	0	614	213	249	0	558	591	618	0	56
22:00:00	79200	828	803	0	639	235	239	0	554	593	564	0	85
22:05:00	79500	837	893	0	583	200	276	0	478	637	617	0	105
22:10:00	79800	711	803	0	491	171	231	0	418	540	572	0	73
22:15:00	80100	621	687	0	425	142	191	0	369	479	496	0	56
22:20:00	80400	552	591	0	386	129	162	0	336	423	429	0	50
22:25:00	80700	520	565	0	341	119	174	0	281	401	391	0	60
22:30:00	81000	352	414	0	279	71	117	0	235	281	297	0	44
22:35:00	81300	375	452	0	202	71	138	0	168	304	314	0	34
22:40:00	81600	259	284	0	177	67	84	0	151	192	200	0	26
22:45:00	81900	243	289	0	131	46	87	0	110	197	202	0	21
22:50:00	82200	147	179	0	99	27	51	0	86	120	128	0	13
22:55:00	82500	126	141	0	84	30	45	0	71	96	96	0	13
23:00:00	82800	63	88	0	59	8	34	0	45	55	54	0	14
23:05:00	83100	42	55	0	46	6	26	0	25	36	29	0	21
23:10:00	83400	22	36	0	32	4	13	0	16	18	23	0	16
23:15:00	83700	16	22	0	26	1	9	0	8	15	13	0	18
23:20:00	84000	5	8	0	23	2	1	0	9	3	7	0	14
23:25:00	84300	2	1	0	24	0	0	0	9	2	1	0	15
23:30:00	84600	0	0	0	24	0	0	0	9	0	0	0	15
23:35:00	84900	2	2	0	24	0	0	0	9	2	2	0	15
23:40:00	85200	0	1	0	23	0	0	0	9	0	1	0	14
23:45:00	85500	0	0	0	23	0	0	0	9	0	0	0	14
23:50:00	85800	0	0	0	23	0	0	0	9	0	0	0	14
23:55:00	86100	0	0	0	23	0	0	0	9	0	0	0	14
24:00:00	86400	0	0	23	0	0	0	9	0	0	0	14	0
24:05:00	86700	0	0	0	0	0	0	0	0	0	0	0	0
24:10:00	87000	0	0	0	0	0	0	0	0	0	0	0	0
24:15:00	87300	0	0	0	0	0	0	0	0	0	0	0	0
24:20:00	87600	0	0	0	0	0	0	0	0	0	0	0	0
24:25:00	87900	0	0	0	0	0	0	0	0	0	0	0	0
24:30:00	88200	0	0	0	0	0	0	0	0	0	0	0	0
24:35:00	88500	0	0	0	0	0	0	0	0	0	0	0	0
24:40:00	88800	0	0	0	0	0	0	0	0	0	0	0	0
24:45:00	89100	0	0	0	0	0	0	0	0	0	0	0	0
24:50:00	89400	0	0	0	0	0	0	0	0	0	0	0	0
24:55:00	89700	0	0	0	0	0	0	0	0	0	0	0	0
25:00:00	90000	0	0	0	0	0	0	0	0	0	0	0	0
25:05:00	90300	0	0	0	0	0	0	0	0	0	0	0	0
25:10:00	90600	0	0	0	0	0	0	0	0	0	0	0	0
25:15:00	90900	0	0	0	0	0	0	0	0	0	0	0	0
25:20:00	91200	0	0	0	0	0	0	0	0	0	0	0	0
25:25:00	91500	0	0	0	0	0	0	0	0	0	0	0	0
25:30:00	91800	0	0	0	0	0	0	0	0	0	0	0	0
25:35:00	92100	0	0	0	0	0	0	0	0	0	0	0	0
25:40:00	92400	0	0	0	0	0	0	0	0	0	0	0	0
25:45:00	92700	0	0	0	0	0	0	0	0	0	0	0	0
25:50:00	93000	0	0	0	0	0	0	0	0	0	0	0	0
25:55:00	93300	0	0	0	0	0	0	0	0	0	0	0	0
26:00:00	93600	0	0	0	0	0	0	0	0	0	0	0	0
26:05:00	93900	0	0	0	0	0	0	0	0	0	0	0	0
26:10:00	94200	0	0	0	0	0	0	0	0	0	0	0	0
26:15:00	94500	0	0	0	0	0	0	0	0	0	0	0	0
26:20:00	94800	0	0	0	0	0	0	0	0	0	0	0	0
26:25:00	95100	0	0	0	0	0	0	0	0	0	0	0	0
26:30:00	95400	0	0	0	0	0	0	0	0	0	0	0	0
26:35:00	95700	0	0	0	0	0	0	0	0	0	0	0	0
26:40:00	96000	0	0	0	0	0	0	0	0	0	0	0	0
26:45:00	96300	0	0	0	0	0	0	0	0	0	0	0	0
26:50:00	96600	0	0	0	0	0	0	0	0	0	0	0	0
26:55:00	96900	0	0	0	0	0	0	0	0	0	0	0	0
27:00:00	97200	0	0	0	0	0	0	0	0	0	0	0	0
27:05:00	97500	0	0	0	0	0	0	0	0	0	0	0	0
27:10:00	97800	0	0	0	0	0	0	0	0	0	0	0	0
27:15:00	98100	0	0	0	0	0	0	0	0	0	0	0	0
27:20:00	98400	0	0	0	0	0	0	0	0	0	0	0	0
27:25:00	98700	0	0	0	0	0	0	0	0	0	0	0	0
27:30:00	99000	0	0	0	0	0	0	0	0	0	0	0	0
27:35:00	99300	0	0	0	0	0	0	0	0	0	0	0	0
27:40:00	99600	0	0	0	0	0	0	0	0	0	0	0	0
27:45:00	99900	0	0	0	0	0	0	0	0	0	0	0	0
27:50:00	100200	0	0	0	0	0	0	0	0	0	0	0	0
27:55:00	100500	0	0	0	0	0	0	0	0	0	0	0	0
28:00:00	100800	0	0	0	0	0	0	0	0	0	0	0	0
28:05:00	101100	0	0	0	0	0	0	0	0	0	0	0	0
28:10:00	101400	0	0	0	0	0	0	0	0	0	0	0	0
28:15:00	101700	0	0	0	0	0	0	0	0	0	0	0	0
28:20:00	102000	0	0	0	0	0	0	0	0	0	0	0	0
28:25:00	102300	0	0	0	0	0	0	0	0	0	0	0	0
28:30:00	102600	0	0	0	0	0	0	0	0	0	0	0	0
28:35:00	102900	0	0	0	0	0	0	0	0	0	0	0	0
28:40:00	103200	0	0	0	0	0	0	0	0	0	0	0	0
28:45:00	103500	0	0	0	0	0	0	0	0	0	0	0	0
28:50:00	103800	0	0	0	0	0	0	0	0	0	0	0	0
28:55:00	104100	0	0	0	0	0	0	0	0	0	0	0	0
29:00:00	104400	0	0	0	0	0	0	0	0	0	0	0	0
29:05:00	104700	0	0	0	0	0	0	0	0	0	0	0	0
29:10:00	105000	0	0	0	0	0	0	0	0	0	0	0	0
29:15:00	105300	0	0	0	0	0	0	0	0	0	0	0	0
29:20:00	105600	0	0	0	0	0	0	0	0	0	0	0	0
29:25:00	105900	0	0	0	0	0	0	0	0	0	0	0	0
29:30:00	106200	0	0	0	0	0	0	0	0	0	0	0	0
29:35:00	106500	0	0	0	0	0	0	0	0	0	0	0	0
29:40:00	106800	0	0	0	0	0	0	0	0	0	0	0	0
29:45:00	107100	0	0	0	0	0	0	0	0	0	0	0	0
29:50:00	107400	0	0	0	0	0	0	0	0	0	0	0	0
29:55:00	107700	0	0	0	0	0	0	0	0	0	0	0	0
30:00:00	108000	0	0	0	0	0	0	0	0	0	0	0	0
30:05:00	108300	0	0	0	0	0	0	0	0	0	0	0	0
