time	time	departures_all	arrivals_all	stuck_all	en-route_all	departures_car	arrivals_car	stuck_car	en-route_car	departures_pt	arrivals_pt	stuck_pt	en-route_pt	departures_transit_walk	arrivals_transit_walk	stuck_transit_walk	en-route_transit_walk
00:00:00	0	0	0	0	0	0	0	0	0	0	0	0	0	0	0	0	0
00:05:00	300	0	0	0	0	0	0	0	0	0	0	0	0	0	0	0	0
00:10:00	600	0	0	0	0	0	0	0	0	0	0	0	0	0	0	0	0
00:15:00	900	0	0	0	0	0	0	0	0	0	0	0	0	0	0	0	0
00:20:00	1200	0	0	0	0	0	0	0	0	0	0	0	0	0	0	0	0
00:25:00	1500	0	0	0	0	0	0	0	0	0	0	0	0	0	0	0	0
00:30:00	1800	0	0	0	0	0	0	0	0	0	0	0	0	0	0	0	0
00:35:00	2100	0	0	0	0	0	0	0	0	0	0	0	0	0	0	0	0
00:40:00	2400	0	0	0	0	0	0	0	0	0	0	0	0	0	0	0	0
00:45:00	2700	0	0	0	0	0	0	0	0	0	0	0	0	0	0	0	0
00:50:00	3000	0	0	0	0	0	0	0	0	0	0	0	0	0	0	0	0
00:55:00	3300	0	0	0	0	0	0	0	0	0	0	0	0	0	0	0	0
01:00:00	3600	0	0	0	0	0	0	0	0	0	0	0	0	0	0	0	0
01:05:00	3900	1	0	0	1	0	0	0	0	0	0	0	0	1	0	0	1
01:10:00	4200	0	0	0	1	0	0	0	0	0	0	0	0	0	0	0	1
01:15:00	4500	0	0	0	1	0	0	0	0	0	0	0	0	0	0	0	1
01:20:00	4800	2	2	0	1	0	0	0	0	0	0	0	0	2	2	0	1
01:25:00	5100	0	0	0	1	0	0	0	0	0	0	0	0	0	0	0	1
01:30:00	5400	2	0	0	3	0	0	0	0	0	0	0	0	2	0	0	3
01:35:00	5700	0	0	0	3	0	0	0	0	0	0	0	0	0	0	0	3
01:40:00	6000	2	2	0	3	0	0	0	0	0	0	0	0	2	2	0	3
01:45:00	6300	2	2	0	3	0	0	0	0	0	0	0	0	2	2	0	3
01:50:00	6600	0	0	0	3	0	0	0	0	0	0	0	0	0	0	0	3
01:55:00	6900	2	2	0	3	0	0	0	0	0	0	0	0	2	2	0	3
02:00:00	7200	0	1	0	2	0	0	0	0	0	0	0	0	0	1	0	2
02:05:00	7500	1	1	0	2	0	0	0	0	0	0	0	0	1	1	0	2
02:10:00	7800	1	0	0	3	0	0	0	0	0	0	0	0	1	0	0	3
02:15:00	8100	0	0	0	3	0	0	0	0	0	0	0	0	0	0	0	3
02:20:00	8400	1	1	0	3	0	0	0	0	0	0	0	0	1	1	0	3
02:25:00	8700	0	0	0	3	0	0	0	0	0	0	0	0	0	0	0	3
02:30:00	9000	1	1	0	3	0	0	0	0	0	0	0	0	1	1	0	3
02:35:00	9300	2	2	0	3	0	0	0	0	0	0	0	0	2	2	0	3
02:40:00	9600	0	0	0	3	0	0	0	0	0	0	0	0	0	0	0	3
02:45:00	9900	1	1	0	3	0	0	0	0	0	0	0	0	1	1	0	3
02:50:00	10200	3	3	0	3	0	0	0	0	0	0	0	0	3	3	0	3
02:55:00	10500	0	0	0	3	0	0	0	0	0	0	0	0	0	0	0	3
03:00:00	10800	0	0	0	3	0	0	0	0	0	0	0	0	0	0	0	3
03:05:00	11100	0	0	0	3	0	0	0	0	0	0	0	0	0	0	0	3
03:10:00	11400	0	0	0	3	0	0	0	0	0	0	0	0	0	0	0	3
03:15:00	11700	0	1	0	2	0	0	0	0	0	0	0	0	0	1	0	2
03:20:00	12000	0	1	0	1	0	0	0	0	0	0	0	0	0	1	0	1
03:25:00	12300	0	0	0	1	0	0	0	0	0	0	0	0	0	0	0	1
03:30:00	12600	0	0	0	1	0	0	0	0	0	0	0	0	0	0	0	1
03:35:00	12900	0	0	0	1	0	0	0	0	0	0	0	0	0	0	0	1
03:40:00	13200	0	1	0	0	0	0	0	0	0	0	0	0	0	1	0	0
03:45:00	13500	0	0	0	0	0	0	0	0	0	0	0	0	0	0	0	0
03:50:00	13800	0	0	0	0	0	0	0	0	0	0	0	0	0	0	0	0
03:55:00	14100	0	0	0	0	0	0	0	0	0	0	0	0	0	0	0	0
04:00:00	14400	0	0	0	0	0	0	0	0	0	0	0	0	0	0	0	0
04:05:00	14700	0	0	0	0	0	0	0	0	0	0	0	0	0	0	0	0
04:10:00	15000	0	0	0	0	0	0	0	0	0	0	0	0	0	0	0	0
04:15:00	15300	1	0	0	1	0	0	0	0	0	0	0	0	1	0	0	1
04:20:00	15600	0	0	0	1	0	0	0	0	0	0	0	0	0	0	0	1
04:25:00	15900	7	4	0	4	0	0	0	0	2	0	0	2	5	4	0	2
04:30:00	16200	19	6	0	17	0	0	0	0	3	0	0	5	16	6	0	12
04:35:00	16500	39	13	0	43	0	0	0	0	9	0	0	14	30	13	0	29
04:40:00	16800	68	25	0	86	0	0	0	0	24	0	0	38	44	25	0	48
04:45:00	17100	68	40	0	114	0	0	0	0	33	0	0	71	35	40	0	43
04:50:00	17400	115	70	0	159	0	0	0	0	64	0	0	135	51	70	0	24
04:55:00	17700	148	89	0	218	0	0	0	0	79	0	0	214	69	89	0	4
05:00:00	18000	286	157	0	347	4	0	0	4	123	4	0	333	159	153	0	10
05:05:00	18300	260	176	0	431	4	0	0	8	98	33	0	398	158	143	0	25
05:10:00	18600	392	334	0	489	4	0	0	12	127	95	0	430	261	239	0	47
05:15:00	18900	420	430	0	479	5	2	0	15	122	145	0	407	293	283	0	57
05:20:00	19200	680	700	0	459	9	10	0	14	202	226	0	383	469	464	0	62
05:25:00	19500	553	495	0	517	7	6	0	15	201	133	0	451	345	356	0	51
05:30:00	19800	535	497	0	555	7	6	0	16	169	162	0	458	359	329	0	81
05:35:00	20100	650	637	0	568	8	8	0	16	200	187	0	471	442	442	0	81
05:40:00	20400	719	634	0	653	8	8	0	16	247	161	0	557	464	465	0	80
05:45:00	20700	927	834	0	746	8	8	0	16	322	217	0	662	597	609	0	68
05:50:00	21000	1025	871	0	900	8	8	0	16	356	229	0	789	661	634	0	95
05:55:00	21300	1064	936	0	1028	8	8	0	16	365	233	0	921	691	695	0	91
06:00:00	21600	1493	1251	0	1270	14	8	0	22	511	341	0	1091	968	902	0	157
06:05:00	21900	1559	1355	0	1474	12	8	0	26	552	373	0	1270	995	974	0	178
06:10:00	22200	1565	1513	0	1526	10	8	0	28	491	454	0	1307	1064	1051	0	191
06:15:00	22500	1981	1790	0	1717	13	8	0	33	650	492	0	1465	1318	1290	0	219
06:20:00	22800	2099	1937	0	1879	13	16	0	30	719	536	0	1648	1367	1385	0	201
06:25:00	23100	2119	2013	0	1985	9	6	0	33	725	599	0	1774	1385	1408	0	178
06:30:00	23400	2470	2458	0	1997	19	22	0	30	758	801	0	1731	1693	1635	0	236
06:35:00	23700	2329	2349	0	1977	12	12	0	30	734	735	0	1730	1583	1602	0	217
06:40:00	24000	2287	2257	0	2007	14	12	0	32	709	716	0	1723	1564	1529	0	252
06:45:00	24300	2207	2372	0	1842	15	18	0	29	662	792	0	1593	1530	1562	0	220
06:50:00	24600	2296	2245	0	1893	12	12	0	29	699	724	0	1568	1585	1509	0	296
06:55:00	24900	2514	2418	0	1989	14	10	0	33	820	737	0	1651	1680	1671	0	305
07:00:00	25200	2245	2305	0	1929	13	13	0	33	707	727	0	1631	1525	1565	0	265
07:05:00	25500	2437	2331	0	2035	17	14	0	36	757	777	0	1611	1663	1540	0	388
07:10:00	25800	2520	2495	0	2060	10	12	0	34	856	683	0	1784	1654	1800	0	242
07:15:00	26100	2364	2319	0	2105	12	12	0	34	752	750	0	1786	1600	1557	0	285
07:20:00	26400	2545	2462	0	2188	14	17	0	31	833	712	0	1907	1698	1733	0	250
07:25:00	26700	2547	2276	0	2459	11	10	0	32	857	637	0	2127	1679	1629	0	300
07:30:00	27000	2277	2239	0	2497	11	12	0	31	736	658	0	2205	1530	1569	0	261
07:35:00	27300	2383	2292	0	2588	9	10	0	30	741	726	0	2220	1633	1556	0	338
07:40:00	27600	2244	2284	0	2548	15	15	0	30	696	701	0	2215	1533	1568	0	303
07:45:00	27900	2025	2095	0	2478	13	13	0	30	611	634	0	2192	1401	1448	0	256
07:50:00	28200	1959	2153	0	2284	11	10	0	31	515	780	0	1927	1433	1363	0	326
07:55:00	28500	2049	2299	0	2034	15	14	0	32	572	874	0	1625	1462	1411	0	377
08:00:00	28800	2113	2360	0	1787	11	9	0	34	582	822	0	1385	1520	1529	0	368
08:05:00	29100	1937	2176	0	1548	12	10	0	36	571	693	0	1263	1354	1473	0	249
08:10:00	29400	1927	2137	0	1338	16	19	0	33	529	707	0	1085	1382	1411	0	220
08:15:00	29700	1744	1689	0	1393	18	19	0	32	510	521	0	1074	1216	1149	0	287
08:20:00	30000	1748	1721	0	1420	8	6	0	34	546	504	0	1116	1194	1211	0	270
08:25:00	30300	1593	1715	0	1298	11	15	0	30	447	531	0	1032	1135	1169	0	236
08:30:00	30600	1686	1680	0	1304	13	15	0	28	508	521	0	1019	1165	1144	0	257
08:35:00	30900	1665	1643	0	1326	12	10	0	30	524	447	0	1096	1129	1186	0	200
08:40:00	31200	1696	1683	0	1339	9	14	0	25	513	485	0	1124	1174	1184	0	190
08:45:00	31500	1678	1650	0	1367	11	8	0	28	475	543	0	1056	1192	1099	0	283
08:50:00	31800	1781	1814	0	1334	12	13	0	27	548	534	0	1070	1221	1267	0	237
08:55:00	32100	1568	1645	0	1257	11	11	0	27	426	529	0	967	1131	1105	0	263
09:00:00	32400	1597	1641	0	1213	8	7	0	28	466	468	0	965	1123	1166	0	220
09:05:00	32700	1623	1643	0	1193	13	16	0	25	476	472	0	969	1134	1155	0	199
09:10:00	33000	1623	1551	0	1265	9	5	0	29	489	418	0	1040	1125	1128	0	196
09:15:00	33300	1730	1696	0	1299	8	10	0	27	508	509	0	1039	1214	1177	0	233
09:20:00	33600	1563	1548	0	1314	11	12	0	26	467	406	0	1100	1085	1130	0	188
09:25:00	33900	1774	1734	0	1354	8	9	0	25	524	509	0	1115	1242	1216	0	214
09:30:00	34200	1718	1757	0	1315	12	12	0	25	462	528	0	1049	1244	1217	0	241
09:35:00	34500	1673	1674	0	1314	10	8	0	27	493	503	0	1039	1170	1163	0	248
09:40:00	34800	1550	1655	0	1209	8	12	0	23	448	492	0	995	1094	1151	0	191
09:45:00	35100	1641	1697	0	1153	12	12	0	23	451	500	0	946	1178	1185	0	184
09:50:00	35400	1613	1612	0	1154	7	7	0	23	448	464	0	930	1158	1141	0	201
09:55:00	35700	1558	1567	0	1145	12	12	0	23	447	458	0	919	1099	1097	0	203
10:00:00	36000	1480	1452	0	1173	3	6	0	20	446	365	0	1000	1031	1081	0	153
10:05:00	36300	1576	1573	0	1176	12	11	0	21	442	493	0	949	1122	1069	0	206
10:10:00	36600	1545	1520	0	1201	7	8	0	20	447	421	0	975	1091	1091	0	206
10:15:00	36900	1720	1652	0	1269	10	9	0	21	509	444	0	1040	1201	1199	0	208
10:20:00	37200	1618	1630	0	1257	7	9	0	19	462	467	0	1035	1149	1154	0	203
10:25:00	37500	1699	1647	0	1309	10	8	0	21	486	485	0	1036	1203	1154	0	252
10:30:00	37800	1687	1750	0	1246	6	8	0	19	468	492	0	1012	1213	1250	0	215
10:35:00	38100	1689	1674	0	1261	8	8	0	19	508	461	0	1059	1173	1205	0	183
10:40:00	38400	1657	1678	0	1240	9	10	0	18	447	502	0	1004	1201	1166	0	218
10:45:00	38700	1715	1701	0	1254	11	12	0	17	491	482	0	1013	1213	1207	0	224
10:50:00	39000	1676	1661	0	1269	7	6	0	18	488	502	0	999	1181	1153	0	252
10:55:00	39300	1648	1658	0	1259	9	7	0	20	486	477	0	1008	1153	1174	0	231
11:00:00	39600	1598	1551	0	1306	5	8	0	17	464	423	0	1049	1129	1120	0	240
11:05:00	39900	1676	1679	0	1303	9	8	0	18	486	482	0	1053	1181	1189	0	232
11:10:00	40200	1644	1618	0	1329	9	9	0	18	486	440	0	1099	1149	1169	0	212
11:15:00	40500	1608	1679	0	1258	8	8	0	18	452	497	0	1054	1148	1174	0	186
11:20:00	40800	1690	1664	0	1284	8	7	0	19	454	498	0	1010	1228	1159	0	255
11:25:00	41100	1599	1593	0	1290	9	6	0	22	479	418	0	1071	1111	1169	0	197
11:30:00	41400	1705	1747	0	1248	5	6	0	21	487	508	0	1050	1213	1233	0	177
11:35:00	41700	1632	1656	0	1224	11	13	0	19	436	472	0	1014	1185	1171	0	191
11:40:00	42000	1812	1735	0	1301	8	8	0	19	553	489	0	1078	1251	1238	0	204
11:45:00	42300	1874	1841	0	1334	12	12	0	19	542	544	0	1076	1320	1285	0	239
11:50:00	42600	1721	1728	0	1327	6	4	0	21	510	495	0	1091	1205	1229	0	215
11:55:00	42900	1753	1729	0	1351	10	11	0	20	496	497	0	1090	1247	1221	0	241
12:00:00	43200	1865	1744	0	1472	5	7	0	18	595	481	0	1204	1265	1256	0	250
12:05:00	43500	2040	2000	0	1512	12	11	0	19	610	569	0	1245	1418	1420	0	248
12:10:00	43800	2102	1983	0	1631	6	5	0	20	645	540	0	1350	1451	1438	0	261
12:15:00	44100	2001	2041	0	1591	10	12	0	18	575	606	0	1319	1416	1423	0	254
12:20:00	44400	1770	1811	0	1550	7	6	0	19	497	520	0	1296	1266	1285	0	235
12:25:00	44700	2060	2040	0	1570	10	10	0	19	596	606	0	1286	1454	1424	0	265
12:30:00	45000	1938	2006	0	1502	4	4	0	19	548	584	0	1250	1386	1418	0	233
12:35:00	45300	1886	2009	0	1379	10	10	0	19	517	585	0	1182	1359	1414	0	178
12:40:00	45600	1792	1802	0	1369	8	7	0	20	498	531	0	1149	1286	1264	0	200
12:45:00	45900	1842	1889	0	1322	11	9	0	22	514	565	0	1098	1317	1315	0	202
12:50:00	46200	1614	1611	0	1325	7	6	0	23	460	470	0	1088	1147	1135	0	214
12:55:00	46500	1662	1693	0	1294	10	12	0	21	472	505	0	1055	1180	1176	0	218
13:00:00	46800	1556	1557	0	1293	4	3	0	22	423	453	0	1025	1129	1101	0	246
13:05:00	47100	1765	1751	0	1307	12	12	0	22	556	486	0	1095	1197	1253	0	190
13:10:00	47400	1849	1715	0	1441	8	9	0	21	572	491	0	1176	1269	1215	0	244
13:15:00	47700	1708	1760	0	1389	9	10	0	20	496	479	0	1193	1203	1271	0	176
13:20:00	48000	1774	1733	0	1430	8	8	0	20	483	548	0	1128	1283	1177	0	282
13:25:00	48300	1725	1706	0	1449	9	7	0	22	542	466	0	1204	1174	1233	0	223
13:30:00	48600	1734	1790	0	1393	3	5	0	20	483	563	0	1124	1248	1222	0	249
13:35:00	48900	1641	1765	0	1269	10	12	0	18	468	504	0	1088	1163	1249	0	163
13:40:00	49200	1699	1638	0	1330	7	7	0	18	495	461	0	1122	1197	1170	0	190
13:45:00	49500	1532	1470	0	1392	10	10	0	18	447	433	0	1136	1075	1027	0	238
13:50:00	49800	1516	1464	0	1444	5	5	0	18	469	414	0	1191	1042	1045	0	235
13:55:00	50100	1542	1529	0	1457	7	5	0	20	468	399	0	1260	1067	1125	0	177
14:00:00	50400	1504	1430	0	1531	7	8	0	19	435	369	0	1326	1062	1053	0	186
14:05:00	50700	1578	1566	0	1543	10	9	0	20	450	500	0	1276	1118	1057	0	247
14:10:00	51000	1698	1726	0	1515	7	6	0	21	484	497	0	1263	1207	1223	0	231
14:15:00	51300	1829	1999	0	1345	12	12	0	21	476	654	0	1085	1341	1333	0	239
14:20:00	51600	1827	1822	0	1350	7	6	0	22	529	521	0	1093	1291	1295	0	235
14:25:00	51900	1734	1830	0	1254	12	12	0	22	471	547	0	1017	1251	1271	0	215
14:30:00	52200	1625	1671	0	1208	7	7	0	22	467	473	0	1011	1151	1191	0	175
14:35:00	52500	1694	1684	0	1218	10	7	0	25	463	496	0	978	1221	1181	0	215
14:40:00	52800	1601	1521	0	1298	8	9	0	24	491	401	0	1068	1102	1111	0	206
14:45:00	53100	1614	1646	0	1266	10	9	0	25	474	468	0	1074	1130	1169	0	167
14:50:00	53400	1668	1617	0	1317	7	8	0	24	481	451	0	1104	1180	1158	0	189
14:55:00	53700	1671	1834	0	1154	9	12	0	21	458	555	0	1007	1204	1267	0	126
15:00:00	54000	1659	1628	0	1185	8	7	0	22	438	519	0	926	1213	1102	0	237
15:05:00	54300	1599	1607	0	1177	12	12	0	22	455	430	0	951	1132	1165	0	204
15:10:00	54600	1679	1644	0	1212	7	8	0	21	483	451	0	983	1189	1185	0	208
15:15:00	54900	1816	1749	0	1279	9	8	0	22	545	466	0	1062	1262	1275	0	195
15:20:00	55200	1675	1672	0	1282	10	13	0	19	486	489	0	1059	1179	1170	0	204
15:25:00	55500	1661	1706	0	1237	9	7	0	21	453	502	0	1010	1199	1197	0	206
15:30:00	55800	1527	1531	0	1233	5	3	0	23	426	470	0	966	1096	1058	0	244
15:35:00	56100	1606	1729	0	1110	12	13	0	22	425	495	0	896	1169	1221	0	192
15:40:00	56400	1672	1593	0	1189	8	8	0	22	484	436	0	944	1180	1149	0	223
15:45:00	56700	1825	1759	0	1255	10	9	0	23	551	475	0	1020	1264	1275	0	212
15:50:00	57000	1616	1714	0	1157	8	10	0	21	434	489	0	965	1174	1215	0	171
15:55:00	57300	1680	1608	0	1229	7	8	0	20	486	432	0	1019	1187	1168	0	190
16:00:00	57600	1779	1750	0	1258	12	11	0	21	529	485	0	1063	1238	1254	0	174
16:05:00	57900	1841	1784	0	1315	9	6	0	24	526	505	0	1084	1306	1273	0	207
16:10:00	58200	1934	1863	0	1386	11	9	0	26	555	543	0	1096	1368	1311	0	264
16:15:00	58500	1824	1855	0	1355	8	6	0	28	525	532	0	1089	1291	1317	0	238
16:20:00	58800	1941	1917	0	1379	10	7	0	31	563	530	0	1122	1368	1380	0	226
16:25:00	59100	1825	1803	0	1401	12	9	0	34	528	504	0	1146	1285	1290	0	221
16:30:00	59400	1978	2065	0	1314	13	17	0	30	525	615	0	1056	1440	1433	0	228
16:35:00	59700	1924	1862	0	1376	11	12	0	29	574	478	0	1152	1339	1372	0	195
16:40:00	60000	2003	1906	0	1473	10	9	0	30	587	521	0	1218	1406	1376	0	225
16:45:00	60300	2079	2098	0	1454	13	14	0	29	613	584	0	1247	1453	1500	0	178
16:50:00	60600	1976	1941	0	1489	11	10	0	30	540	563	0	1224	1425	1368	0	235
16:55:00	60900	2010	1944	0	1555	10	13	0	27	620	528	0	1316	1380	1403	0	212
17:00:00	61200	2408	2328	0	1635	11	11	0	27	676	673	0	1319	1721	1644	0	289
17:05:00	61500	2545	2358	0	1822	15	11	0	31	824	611	0	1532	1706	1736	0	259
17:10:00	61800	2584	2381	0	2025	13	13	0	31	807	659	0	1680	1764	1709	0	314
17:15:00	62100	2784	2674	0	2135	13	14	0	30	860	751	0	1789	1911	1909	0	316
17:20:00	62400	2737	2748	0	2124	10	10	0	30	808	803	0	1794	1919	1935	0	300
17:25:00	62700	2942	2855	0	2211	14	14	0	30	928	820	0	1902	2000	2021	0	279
17:30:00	63000	2810	2691	0	2330	14	14	0	30	852	769	0	1985	1944	1908	0	315
17:35:00	63300	2852	2699	0	2483	12	11	0	31	878	746	0	2117	1962	1942	0	335
17:40:00	63600	3106	2993	0	2596	12	12	0	31	990	822	0	2285	2104	2159	0	280
17:45:00	63900	2868	2801	0	2663	13	10	0	34	900	832	0	2353	1955	1959	0	276
17:50:00	64200	3182	3211	0	2634	13	13	0	34	900	1035	0	2218	2269	2163	0	382
17:55:00	64500	2993	3257	0	2370	13	14	0	33	868	1018	0	2068	2112	2225	0	269
18:00:00	64800	3094	3075	0	2389	16	20	0	29	904	979	0	1993	2174	2076	0	367
18:05:00	65100	3071	2932	0	2528	12	7	0	34	961	797	0	2157	2098	2128	0	337
18:10:00	65400	3320	3317	0	2531	14	19	0	29	1024	977	0	2204	2282	2321	0	298
18:15:00	65700	2998	3068	0	2461	13	14	0	28	859	939	0	2124	2126	2115	0	309
18:20:00	66000	2871	2955	0	2377	12	11	0	29	803	938	0	1989	2056	2006	0	359
18:25:00	66300	2863	3016	0	2224	14	11	0	32	829	909	0	1909	2020	2096	0	283
18:30:00	66600	2594	2761	0	2057	11	8	0	35	702	897	0	1714	1881	1856	0	308
18:35:00	66900	2553	2770	0	1840	15	17	0	33	682	853	0	1543	1856	1900	0	264
18:40:00	67200	2360	2461	0	1739	15	12	0	36	675	739	0	1479	1670	1710	0	224
18:45:00	67500	2226	2339	0	1626	13	15	0	34	619	685	0	1413	1594	1639	0	179
18:50:00	67800	2038	2144	0	1520	12	13	0	33	534	699	0	1248	1492	1432	0	239
18:55:00	68100	1857	1994	0	1383	13	17	0	29	511	596	0	1163	1333	1381	0	191
19:00:00	68400	1736	1716	0	1403	9	12	0	26	507	466	0	1204	1220	1238	0	173
19:05:00	68700	1714	1699	0	1418	11	13	0	24	483	474	0	1213	1220	1212	0	181
19:10:00	69000	1748	1640	0	1526	7	10	0	21	534	403	0	1344	1207	1227	0	161
19:15:00	69300	1569	1595	0	1500	10	11	0	20	443	446	0	1341	1116	1138	0	139
19:20:00	69600	1498	1451	0	1547	9	8	0	21	429	403	0	1367	1060	1040	0	159
19:25:00	69900	1572	1747	0	1372	6	5	0	22	402	569	0	1200	1164	1173	0	150
19:30:00	70200	1521	1617	0	1276	5	5	0	22	406	545	0	1061	1110	1067	0	193
19:35:00	70500	1384	1645	0	1015	13	10	0	25	332	546	0	847	1039	1089	0	143
19:40:00	70800	1196	1303	0	908	9	9	0	25	340	410	0	777	847	884	0	106
19:45:00	71100	1200	1229	0	879	7	5	0	27	321	381	0	717	872	843	0	135
19:50:00	71400	1052	1146	0	785	7	10	0	24	278	334	0	661	767	802	0	100
19:55:00	71700	1078	1148	0	715	11	13	0	22	287	338	0	610	780	797	0	83
20:00:00	72000	1059	1021	0	753	8	8	0	22	318	287	0	641	733	726	0	90
20:05:00	72300	1041	1031	0	763	7	9	0	20	306	296	0	651	728	726	0	92
20:10:00	72600	1016	989	0	790	4	5	0	19	292	262	0	681	720	722	0	90
20:15:00	72900	1091	1099	0	782	8	8	0	19	323	323	0	681	760	768	0	82
20:20:00	73200	1104	1131	0	755	8	9	0	18	318	338	0	661	778	784	0	76
20:25:00	73500	1019	1007	0	767	7	7	0	18	283	294	0	650	729	706	0	99
20:30:00	73800	989	1013	0	743	6	8	0	16	270	290	0	630	713	715	0	97
20:35:00	74100	1088	1005	0	826	7	6	0	17	326	290	0	666	755	709	0	143
20:40:00	74400	987	972	0	841	7	5	0	19	302	242	0	726	678	725	0	96
20:45:00	74700	1046	1074	0	813	9	8	0	20	304	329	0	701	733	737	0	92
20:50:00	75000	1082	1113	0	782	9	8	0	21	297	350	0	648	776	755	0	113
20:55:00	75300	1042	1065	0	759	9	8	0	22	303	303	0	648	730	754	0	89
21:00:00	75600	1141	1067	0	833	4	5	0	21	353	296	0	705	784	766	0	107
21:05:00	75900	1113	1071	0	875	8	9	0	20	337	275	0	767	768	787	0	88
21:10:00	76200	1197	1083	0	989	7	7	0	20	382	286	0	863	808	790	0	106
21:15:00	76500	1359	1340	0	1008	8	9	0	19	407	395	0	875	944	936	0	114
21:20:00	76800	1291	1256	0	1043	7	8	0	18	381	369	0	887	903	879	0	138
21:25:00	77100	1232	1221	0	1054	4	6	0	16	365	354	0	898	863	861	0	140
21:30:00	77400	1227	1281	0	1000	5	8	0	13	352	386	0	864	870	887	0	123
21:35:00	77700	1100	1135	0	965	6	4	0	15	305	373	0	796	789	758	0	154
21:40:00	78000	991	1160	0	796	6	7	0	14	251	365	0	682	734	788	0	100
21:45:00	78300	941	970	0	767	6	5	0	15	253	290	0	645	682	675	0	107
21:50:00	78600	898	1033	0	632	6	6	0	15	216	317	0	544	676	710	0	73
21:55:00	78900	799	836	0	595	4	5	0	14	212	236	0	520	583	595	0	61
22:00:00	79200	825	788	0	632	3	3	0	14	252	214	0	558	570	571	0	60
22:05:00	79500	853	918	0	567	5	5	0	14	198	287	0	469	650	626	0	84
22:10:00	79800	723	776	0	514	4	4	0	14	176	214	0	431	543	558	0	69
22:15:00	80100	658	721	0	451	6	5	0	15	148	203	0	376	504	513	0	60
22:20:00	80400	578	619	0	410	3	5	0	13	142	161	0	357	433	453	0	40
22:25:00	80700	515	563	0	362	2	3	0	12	115	173	0	299	398	387	0	51
22:30:00	81000	340	438	0	264	3	5	0	10	60	135	0	224	277	298	0	30
22:35:00	81300	362	449	0	177	4	4	0	10	58	144	0	138	300	301	0	29
22:40:00	81600	241	257	0	161	4	2	0	12	60	75	0	123	177	180	0	26
22:45:00	81900	227	259	0	129	2	3	0	11	46	71	0	98	179	185	0	20
22:50:00	82200	162	177	0	114	4	2	0	13	33	45	0	86	125	130	0	15
22:55:00	82500	121	141	0	94	0	3	0	10	31	44	0	73	90	94	0	11
23:00:00	82800	73	104	0	63	4	4	0	10	8	42	0	39	61	58	0	14
23:05:00	83100	25	41	0	47	0	2	0	8	1	21	0	19	24	18	0	20
23:10:00	83400	13	33	0	27	0	4	0	4	0	12	0	7	13	17	0	16
23:15:00	83700	8	14	0	21	0	2	0	2	0	7	0	0	8	5	0	19
23:20:00	84000	0	6	0	15	0	2	0	0	0	0	0	0	0	4	0	15
23:25:00	84300	2	1	0	16	0	0	0	0	0	0	0	0	2	1	0	16
23:30:00	84600	0	0	0	16	0	0	0	0	0	0	0	0	0	0	0	16
23:35:00	84900	1	2	0	15	0	0	0	0	0	0	0	0	1	2	0	15
23:40:00	85200	0	1	0	14	0	0	0	0	0	0	0	0	0	1	0	14
23:45:00	85500	0	0	0	14	0	0	0	0	0	0	0	0	0	0	0	14
23:50:00	85800	0	0	0	14	0	0	0	0	0	0	0	0	0	0	0	14
23:55:00	86100	0	0	0	14	0	0	0	0	0	0	0	0	0	0	0	14
24:00:00	86400	0	0	14	0	0	0	0	0	0	0	0	0	0	0	14	0
24:05:00	86700	0	0	0	0	0	0	0	0	0	0	0	0	0	0	0	0
24:10:00	87000	0	0	0	0	0	0	0	0	0	0	0	0	0	0	0	0
24:15:00	87300	0	0	0	0	0	0	0	0	0	0	0	0	0	0	0	0
24:20:00	87600	0	0	0	0	0	0	0	0	0	0	0	0	0	0	0	0
24:25:00	87900	0	0	0	0	0	0	0	0	0	0	0	0	0	0	0	0
24:30:00	88200	0	0	0	0	0	0	0	0	0	0	0	0	0	0	0	0
24:35:00	88500	0	0	0	0	0	0	0	0	0	0	0	0	0	0	0	0
24:40:00	88800	0	0	0	0	0	0	0	0	0	0	0	0	0	0	0	0
24:45:00	89100	0	0	0	0	0	0	0	0	0	0	0	0	0	0	0	0
24:50:00	89400	0	0	0	0	0	0	0	0	0	0	0	0	0	0	0	0
24:55:00	89700	0	0	0	0	0	0	0	0	0	0	0	0	0	0	0	0
25:00:00	90000	0	0	0	0	0	0	0	0	0	0	0	0	0	0	0	0
25:05:00	90300	0	0	0	0	0	0	0	0	0	0	0	0	0	0	0	0
25:10:00	90600	0	0	0	0	0	0	0	0	0	0	0	0	0	0	0	0
25:15:00	90900	0	0	0	0	0	0	0	0	0	0	0	0	0	0	0	0
25:20:00	91200	0	0	0	0	0	0	0	0	0	0	0	0	0	0	0	0
25:25:00	91500	0	0	0	0	0	0	0	0	0	0	0	0	0	0	0	0
25:30:00	91800	0	0	0	0	0	0	0	0	0	0	0	0	0	0	0	0
25:35:00	92100	0	0	0	0	0	0	0	0	0	0	0	0	0	0	0	0
25:40:00	92400	0	0	0	0	0	0	0	0	0	0	0	0	0	0	0	0
25:45:00	92700	0	0	0	0	0	0	0	0	0	0	0	0	0	0	0	0
25:50:00	93000	0	0	0	0	0	0	0	0	0	0	0	0	0	0	0	0
25:55:00	93300	0	0	0	0	0	0	0	0	0	0	0	0	0	0	0	0
26:00:00	93600	0	0	0	0	0	0	0	0	0	0	0	0	0	0	0	0
26:05:00	93900	0	0	0	0	0	0	0	0	0	0	0	0	0	0	0	0
26:10:00	94200	0	0	0	0	0	0	0	0	0	0	0	0	0	0	0	0
26:15:00	94500	0	0	0	0	0	0	0	0	0	0	0	0	0	0	0	0
26:20:00	94800	0	0	0	0	0	0	0	0	0	0	0	0	0	0	0	0
26:25:00	95100	0	0	0	0	0	0	0	0	0	0	0	0	0	0	0	0
26:30:00	95400	0	0	0	0	0	0	0	0	0	0	0	0	0	0	0	0
26:35:00	95700	0	0	0	0	0	0	0	0	0	0	0	0	0	0	0	0
26:40:00	96000	0	0	0	0	0	0	0	0	0	0	0	0	0	0	0	0
26:45:00	96300	0	0	0	0	0	0	0	0	0	0	0	0	0	0	0	0
26:50:00	96600	0	0	0	0	0	0	0	0	0	0	0	0	0	0	0	0
26:55:00	96900	0	0	0	0	0	0	0	0	0	0	0	0	0	0	0	0
27:00:00	97200	0	0	0	0	0	0	0	0	0	0	0	0	0	0	0	0
27:05:00	97500	0	0	0	0	0	0	0	0	0	0	0	0	0	0	0	0
27:10:00	97800	0	0	0	0	0	0	0	0	0	0	0	0	0	0	0	0
27:15:00	98100	0	0	0	0	0	0	0	0	0	0	0	0	0	0	0	0
27:20:00	98400	0	0	0	0	0	0	0	0	0	0	0	0	0	0	0	0
27:25:00	98700	0	0	0	0	0	0	0	0	0	0	0	0	0	0	0	0
27:30:00	99000	0	0	0	0	0	0	0	0	0	0	0	0	0	0	0	0
27:35:00	99300	0	0	0	0	0	0	0	0	0	0	0	0	0	0	0	0
27:40:00	99600	0	0	0	0	0	0	0	0	0	0	0	0	0	0	0	0
27:45:00	99900	0	0	0	0	0	0	0	0	0	0	0	0	0	0	0	0
27:50:00	100200	0	0	0	0	0	0	0	0	0	0	0	0	0	0	0	0
27:55:00	100500	0	0	0	0	0	0	0	0	0	0	0	0	0	0	0	0
28:00:00	100800	0	0	0	0	0	0	0	0	0	0	0	0	0	0	0	0
28:05:00	101100	0	0	0	0	0	0	0	0	0	0	0	0	0	0	0	0
28:10:00	101400	0	0	0	0	0	0	0	0	0	0	0	0	0	0	0	0
28:15:00	101700	0	0	0	0	0	0	0	0	0	0	0	0	0	0	0	0
28:20:00	102000	0	0	0	0	0	0	0	0	0	0	0	0	0	0	0	0
28:25:00	102300	0	0	0	0	0	0	0	0	0	0	0	0	0	0	0	0
28:30:00	102600	0	0	0	0	0	0	0	0	0	0	0	0	0	0	0	0
28:35:00	102900	0	0	0	0	0	0	0	0	0	0	0	0	0	0	0	0
28:40:00	103200	0	0	0	0	0	0	0	0	0	0	0	0	0	0	0	0
28:45:00	103500	0	0	0	0	0	0	0	0	0	0	0	0	0	0	0	0
28:50:00	103800	0	0	0	0	0	0	0	0	0	0	0	0	0	0	0	0
28:55:00	104100	0	0	0	0	0	0	0	0	0	0	0	0	0	0	0	0
29:00:00	104400	0	0	0	0	0	0	0	0	0	0	0	0	0	0	0	0
29:05:00	104700	0	0	0	0	0	0	0	0	0	0	0	0	0	0	0	0
29:10:00	105000	0	0	0	0	0	0	0	0	0	0	0	0	0	0	0	0
29:15:00	105300	0	0	0	0	0	0	0	0	0	0	0	0	0	0	0	0
29:20:00	105600	0	0	0	0	0	0	0	0	0	0	0	0	0	0	0	0
29:25:00	105900	0	0	0	0	0	0	0	0	0	0	0	0	0	0	0	0
29:30:00	106200	0	0	0	0	0	0	0	0	0	0	0	0	0	0	0	0
29:35:00	106500	0	0	0	0	0	0	0	0	0	0	0	0	0	0	0	0
29:40:00	106800	0	0	0	0	0	0	0	0	0	0	0	0	0	0	0	0
29:45:00	107100	0	0	0	0	0	0	0	0	0	0	0	0	0	0	0	0
29:50:00	107400	0	0	0	0	0	0	0	0	0	0	0	0	0	0	0	0
29:55:00	107700	0	0	0	0	0	0	0	0	0	0	0	0	0	0	0	0
30:00:00	108000	0	0	0	0	0	0	0	0	0	0	0	0	0	0	0	0
30:05:00	108300	0	0	0	0	0	0	0	0	0	0	0	0	0	0	0	0
