time	time	departures_all	arrivals_all	stuck_all	en-route_all	departures_pt	arrivals_pt	stuck_pt	en-route_pt	departures_transit_walk	arrivals_transit_walk	stuck_transit_walk	en-route_transit_walk
00:00:00	0	0	0	0	0	0	0	0	0	0	0	0	0
00:05:00	300	0	0	0	0	0	0	0	0	0	0	0	0
00:10:00	600	0	0	0	0	0	0	0	0	0	0	0	0
00:15:00	900	0	0	0	0	0	0	0	0	0	0	0	0
00:20:00	1200	0	0	0	0	0	0	0	0	0	0	0	0
00:25:00	1500	0	0	0	0	0	0	0	0	0	0	0	0
00:30:00	1800	0	0	0	0	0	0	0	0	0	0	0	0
00:35:00	2100	0	0	0	0	0	0	0	0	0	0	0	0
00:40:00	2400	0	0	0	0	0	0	0	0	0	0	0	0
00:45:00	2700	0	0	0	0	0	0	0	0	0	0	0	0
00:50:00	3000	0	0	0	0	0	0	0	0	0	0	0	0
00:55:00	3300	0	0	0	0	0	0	0	0	0	0	0	0
01:00:00	3600	0	0	0	0	0	0	0	0	0	0	0	0
01:05:00	3900	1	0	0	1	0	0	0	0	1	0	0	1
01:10:00	4200	0	0	0	1	0	0	0	0	0	0	0	1
01:15:00	4500	0	0	0	1	0	0	0	0	0	0	0	1
01:20:00	4800	2	2	0	1	0	0	0	0	2	2	0	1
01:25:00	5100	0	0	0	1	0	0	0	0	0	0	0	1
01:30:00	5400	2	0	0	3	0	0	0	0	2	0	0	3
01:35:00	5700	0	0	0	3	0	0	0	0	0	0	0	3
01:40:00	6000	3	3	0	3	1	0	0	1	2	3	0	2
01:45:00	6300	2	2	0	3	0	0	0	1	2	2	0	2
01:50:00	6600	0	0	0	3	0	0	0	1	0	0	0	2
01:55:00	6900	2	2	0	3	0	0	0	1	2	2	0	2
02:00:00	7200	0	1	0	2	0	0	0	1	0	1	0	1
02:05:00	7500	1	1	0	2	0	0	0	1	1	1	0	1
02:10:00	7800	1	0	0	3	0	0	0	1	1	0	0	2
02:15:00	8100	0	0	0	3	0	0	0	1	0	0	0	2
02:20:00	8400	1	1	0	3	0	0	0	1	1	1	0	2
02:25:00	8700	0	0	0	3	0	0	0	1	0	0	0	2
02:30:00	9000	1	1	0	3	0	0	0	1	1	1	0	2
02:35:00	9300	2	2	0	3	0	0	0	1	2	2	0	2
02:40:00	9600	0	0	0	3	0	0	0	1	0	0	0	2
02:45:00	9900	1	1	0	3	0	0	0	1	1	1	0	2
02:50:00	10200	3	3	0	3	0	0	0	1	3	3	0	2
02:55:00	10500	0	0	0	3	0	0	0	1	0	0	0	2
03:00:00	10800	0	0	0	3	0	0	0	1	0	0	0	2
03:05:00	11100	0	0	0	3	0	0	0	1	0	0	0	2
03:10:00	11400	0	0	0	3	0	0	0	1	0	0	0	2
03:15:00	11700	0	1	0	2	0	0	0	1	0	1	0	1
03:20:00	12000	0	0	0	2	0	0	0	1	0	0	0	1
03:25:00	12300	0	0	0	2	0	0	0	1	0	0	0	1
03:30:00	12600	0	0	0	2	0	0	0	1	0	0	0	1
03:35:00	12900	0	0	0	2	0	0	0	1	0	0	0	1
03:40:00	13200	0	1	0	1	0	0	0	1	0	1	0	0
03:45:00	13500	0	0	0	1	0	0	0	1	0	0	0	0
03:50:00	13800	0	0	0	1	0	0	0	1	0	0	0	0
03:55:00	14100	0	0	0	1	0	0	0	1	0	0	0	0
04:00:00	14400	0	0	0	1	0	0	0	1	0	0	0	0
04:05:00	14700	0	0	0	1	0	0	0	1	0	0	0	0
04:10:00	15000	0	0	0	1	0	0	0	1	0	0	0	0
04:15:00	15300	1	0	0	2	0	0	0	1	1	0	0	1
04:20:00	15600	0	0	0	2	0	0	0	1	0	0	0	1
04:25:00	15900	7	4	0	5	2	0	0	3	5	4	0	2
04:30:00	16200	29	16	0	18	13	0	0	16	16	16	0	2
04:35:00	16500	49	23	0	44	19	0	0	35	30	23	0	9
04:40:00	16800	91	48	0	87	47	0	0	82	44	48	0	5
04:45:00	17100	66	38	0	115	31	0	0	113	35	38	0	2
04:50:00	17400	93	47	0	161	42	0	0	155	51	47	0	6
04:55:00	17700	131	71	0	221	62	0	0	217	69	71	0	4
05:00:00	18000	283	158	0	346	123	5	0	335	160	153	0	11
05:05:00	18300	260	183	0	423	99	36	0	398	161	147	0	25
05:10:00	18600	382	326	0	479	128	89	0	437	254	237	0	42
05:15:00	18900	420	434	0	465	123	150	0	410	297	284	0	55
05:20:00	19200	676	698	0	443	202	231	0	381	474	467	0	62
05:25:00	19500	548	490	0	501	204	133	0	452	344	357	0	49
05:30:00	19800	526	488	0	539	170	161	0	461	356	327	0	78
05:35:00	20100	638	626	0	551	201	185	0	477	437	441	0	74
05:40:00	20400	714	632	0	633	248	167	0	558	466	465	0	75
05:45:00	20700	918	825	0	726	319	220	0	657	599	605	0	69
05:50:00	21000	1017	862	0	881	357	228	0	786	660	634	0	95
05:55:00	21300	1056	925	0	1012	369	232	0	923	687	693	0	89
06:00:00	21600	1477	1243	0	1246	509	344	0	1088	968	899	0	158
06:05:00	21900	1546	1356	0	1436	556	369	0	1275	990	987	0	161
06:10:00	22200	1572	1519	0	1489	492	471	0	1296	1080	1048	0	193
06:15:00	22500	1984	1823	0	1650	648	510	0	1434	1336	1313	0	216
06:20:00	22800	2112	1967	0	1795	722	563	0	1593	1390	1404	0	202
06:25:00	23100	2084	1968	0	1911	723	578	0	1738	1361	1390	0	173
06:30:00	23400	2392	2330	0	1973	757	746	0	1749	1635	1584	0	224
06:35:00	23700	2346	2350	0	1969	740	761	0	1728	1606	1589	0	241
06:40:00	24000	2257	2234	0	1992	703	709	0	1722	1554	1525	0	270
06:45:00	24300	2197	2400	0	1789	658	804	0	1576	1539	1596	0	213
06:50:00	24600	2263	2185	0	1867	703	707	0	1572	1560	1478	0	295
06:55:00	24900	2493	2399	0	1961	818	735	0	1655	1675	1664	0	306
07:00:00	25200	2217	2264	0	1914	708	714	0	1649	1509	1550	0	265
07:05:00	25500	2414	2301	0	2027	755	774	0	1630	1659	1527	0	397
07:10:00	25800	2536	2531	0	2032	858	710	0	1778	1678	1821	0	254
07:15:00	26100	2344	2309	0	2067	756	746	0	1788	1588	1563	0	279
07:20:00	26400	2501	2422	0	2146	812	704	0	1896	1689	1718	0	250
07:25:00	26700	2533	2267	0	2412	864	627	0	2133	1669	1640	0	279
07:30:00	27000	2277	2202	0	2487	758	652	0	2239	1519	1550	0	248
07:35:00	27300	2379	2305	0	2561	738	735	0	2242	1641	1570	0	319
07:40:00	27600	2235	2261	0	2535	704	704	0	2242	1531	1557	0	293
07:45:00	27900	2025	2112	0	2448	604	658	0	2188	1421	1454	0	260
07:50:00	28200	1935	2133	0	2250	514	772	0	1930	1421	1361	0	320
07:55:00	28500	2024	2265	0	2009	569	869	0	1630	1455	1396	0	379
08:00:00	28800	2100	2372	0	1737	586	815	0	1401	1514	1557	0	336
08:05:00	29100	1942	2157	0	1522	572	709	0	1264	1370	1448	0	258
08:10:00	29400	1908	2103	0	1327	532	701	0	1095	1376	1402	0	232
08:15:00	29700	1721	1686	0	1362	503	521	0	1077	1218	1165	0	285
08:20:00	30000	1754	1738	0	1378	553	513	0	1117	1201	1225	0	261
08:25:00	30300	1593	1728	0	1243	449	539	0	1027	1144	1189	0	216
08:30:00	30600	1657	1600	0	1300	506	510	0	1023	1151	1090	0	277
08:35:00	30900	1671	1711	0	1260	524	465	0	1082	1147	1246	0	178
08:40:00	31200	1631	1544	0	1347	503	440	0	1145	1128	1104	0	202
08:45:00	31500	1682	1670	0	1359	477	558	0	1064	1205	1112	0	295
08:50:00	31800	1759	1813	0	1305	544	529	0	1079	1215	1284	0	226
08:55:00	32100	1569	1648	0	1226	436	533	0	982	1133	1115	0	244
09:00:00	32400	1596	1629	0	1193	467	474	0	975	1129	1155	0	218
09:05:00	32700	1622	1640	0	1175	484	477	0	982	1138	1163	0	193
09:10:00	33000	1623	1568	0	1230	490	426	0	1046	1133	1142	0	184
09:15:00	33300	1727	1693	0	1264	501	522	0	1025	1226	1171	0	239
09:20:00	33600	1542	1510	0	1296	470	401	0	1094	1072	1109	0	202
09:25:00	33900	1752	1714	0	1334	513	508	0	1099	1239	1206	0	235
09:30:00	34200	1722	1774	0	1282	474	532	0	1041	1248	1242	0	241
09:35:00	34500	1620	1628	0	1274	486	467	0	1060	1134	1161	0	214
09:40:00	34800	1560	1646	0	1188	450	507	0	1003	1110	1139	0	185
09:45:00	35100	1628	1699	0	1117	450	501	0	952	1178	1198	0	165
09:50:00	35400	1601	1589	0	1129	448	461	0	939	1153	1128	0	190
09:55:00	35700	1558	1564	0	1123	449	467	0	921	1109	1097	0	202
10:00:00	36000	1502	1479	0	1146	453	382	0	992	1049	1097	0	154
10:05:00	36300	1558	1571	0	1133	441	482	0	951	1117	1089	0	182
10:10:00	36600	1546	1510	0	1169	457	418	0	990	1089	1092	0	179
10:15:00	36900	1714	1642	0	1241	509	447	0	1052	1205	1195	0	189
10:20:00	37200	1623	1637	0	1227	470	477	0	1045	1153	1160	0	182
10:25:00	37500	1695	1643	0	1279	485	494	0	1036	1210	1149	0	243
10:30:00	37800	1683	1725	0	1237	481	483	0	1034	1202	1242	0	203
10:35:00	38100	1709	1696	0	1250	504	493	0	1045	1205	1203	0	205
10:40:00	38400	1638	1669	0	1219	454	485	0	1014	1184	1184	0	205
10:45:00	38700	1728	1727	0	1220	497	501	0	1010	1231	1226	0	210
10:50:00	39000	1662	1654	0	1228	488	493	0	1005	1174	1161	0	223
10:55:00	39300	1644	1644	0	1228	489	477	0	1017	1155	1167	0	211
11:00:00	39600	1591	1548	0	1271	465	421	0	1061	1126	1127	0	210
11:05:00	39900	1657	1650	0	1278	484	473	0	1072	1173	1177	0	206
11:10:00	40200	1642	1615	0	1305	481	458	0	1095	1161	1157	0	210
11:15:00	40500	1606	1709	0	1202	452	504	0	1043	1154	1205	0	159
11:20:00	40800	1661	1595	0	1268	453	485	0	1011	1208	1110	0	257
11:25:00	41100	1596	1601	0	1263	479	426	0	1064	1117	1175	0	199
11:30:00	41400	1671	1702	0	1232	483	483	0	1064	1188	1219	0	168
11:35:00	41700	1636	1654	0	1214	448	476	0	1036	1188	1178	0	178
11:40:00	42000	1832	1770	0	1276	560	511	0	1085	1272	1259	0	191
11:45:00	42300	1857	1801	0	1332	546	534	0	1097	1311	1267	0	235
11:50:00	42600	1725	1764	0	1293	507	509	0	1095	1218	1255	0	198
11:55:00	42900	1717	1696	0	1314	500	466	0	1129	1217	1230	0	185
12:00:00	43200	1867	1720	0	1461	601	476	0	1254	1266	1244	0	207
12:05:00	43500	2045	2003	0	1503	612	582	0	1284	1433	1421	0	219
12:10:00	43800	2107	2024	0	1586	642	556	0	1370	1465	1468	0	216
12:15:00	44100	2002	1994	0	1594	579	619	0	1330	1423	1375	0	264
12:20:00	44400	1755	1834	0	1515	496	516	0	1310	1259	1318	0	205
12:25:00	44700	2066	2036	0	1545	599	620	0	1289	1467	1416	0	256
12:30:00	45000	1958	2046	0	1457	552	605	0	1236	1406	1441	0	221
12:35:00	45300	1855	1951	0	1361	516	565	0	1187	1339	1386	0	174
12:40:00	45600	1789	1801	0	1349	506	528	0	1165	1283	1273	0	184
12:45:00	45900	1846	1905	0	1290	519	574	0	1110	1327	1331	0	180
12:50:00	46200	1585	1585	0	1290	451	456	0	1105	1134	1129	0	185
12:55:00	46500	1675	1680	0	1285	468	532	0	1041	1207	1148	0	244
13:00:00	46800	1538	1561	0	1262	428	434	0	1035	1110	1127	0	227
13:05:00	47100	1747	1733	0	1276	556	484	0	1107	1191	1249	0	169
13:10:00	47400	1836	1697	0	1415	572	490	0	1189	1264	1207	0	226
13:15:00	47700	1691	1739	0	1367	491	476	0	1204	1200	1263	0	163
13:20:00	48000	1770	1729	0	1408	491	548	0	1147	1279	1181	0	261
13:25:00	48300	1722	1717	0	1413	543	471	0	1219	1179	1246	0	194
13:30:00	48600	1729	1757	0	1385	486	558	0	1147	1243	1199	0	238
13:35:00	48900	1645	1792	0	1238	470	516	0	1101	1175	1276	0	137
13:40:00	49200	1700	1627	0	1311	496	468	0	1129	1204	1159	0	182
13:45:00	49500	1518	1448	0	1381	443	433	0	1139	1075	1015	0	242
13:50:00	49800	1508	1471	0	1418	470	410	0	1199	1038	1061	0	219
13:55:00	50100	1558	1553	0	1423	466	424	0	1241	1092	1129	0	182
14:00:00	50400	1488	1423	0	1488	433	363	0	1311	1055	1060	0	177
14:05:00	50700	1556	1556	0	1488	447	492	0	1266	1109	1064	0	222
14:10:00	51000	1696	1724	0	1460	491	498	0	1259	1205	1226	0	201
14:15:00	51300	1814	1959	0	1315	475	655	0	1079	1339	1304	0	236
14:20:00	51600	1831	1823	0	1323	544	519	0	1104	1287	1304	0	219
14:25:00	51900	1715	1794	0	1244	475	534	0	1045	1240	1260	0	199
14:30:00	52200	1623	1671	0	1196	465	479	0	1031	1158	1192	0	165
14:35:00	52500	1685	1689	0	1192	461	499	0	993	1224	1190	0	199
14:40:00	52800	1614	1522	0	1284	493	420	0	1066	1121	1102	0	218
14:45:00	53100	1624	1683	0	1225	475	489	0	1052	1149	1194	0	173
14:50:00	53400	1670	1617	0	1278	483	458	0	1077	1187	1159	0	201
14:55:00	53700	1632	1782	0	1128	467	516	0	1028	1165	1266	0	100
15:00:00	54000	1655	1624	0	1159	431	532	0	927	1224	1092	0	232
15:05:00	54300	1604	1622	0	1141	464	443	0	948	1140	1179	0	193
15:10:00	54600	1654	1611	0	1184	477	440	0	985	1177	1171	0	199
15:15:00	54900	1824	1753	0	1255	545	484	0	1046	1279	1269	0	209
15:20:00	55200	1631	1613	0	1273	483	458	0	1071	1148	1155	0	202
15:25:00	55500	1658	1712	0	1219	453	508	0	1016	1205	1204	0	203
15:30:00	55800	1487	1486	0	1220	424	437	0	1003	1063	1049	0	217
15:35:00	56100	1643	1754	0	1109	440	530	0	913	1203	1224	0	196
15:40:00	56400	1670	1598	0	1181	488	440	0	961	1182	1158	0	220
15:45:00	56700	1802	1733	0	1250	556	457	0	1060	1246	1276	0	190
15:50:00	57000	1635	1732	0	1153	431	519	0	972	1204	1213	0	181
15:55:00	57300	1703	1641	0	1215	498	449	0	1021	1205	1192	0	194
16:00:00	57600	1747	1725	0	1237	523	472	0	1072	1224	1253	0	165
16:05:00	57900	1821	1779	0	1279	522	497	0	1097	1299	1282	0	182
16:10:00	58200	1912	1808	0	1383	547	539	0	1105	1365	1269	0	278
16:15:00	58500	1828	1885	0	1326	543	532	0	1116	1285	1353	0	210
16:20:00	58800	1935	1918	0	1343	568	531	0	1153	1367	1387	0	190
16:25:00	59100	1822	1797	0	1368	531	512	0	1172	1291	1285	0	196
16:30:00	59400	1973	2050	0	1291	521	629	0	1064	1452	1421	0	227
16:35:00	59700	1935	1880	0	1346	582	493	0	1153	1353	1387	0	193
16:40:00	60000	1976	1886	0	1436	579	512	0	1220	1397	1374	0	216
16:45:00	60300	2037	2046	0	1427	603	565	0	1258	1434	1481	0	169
16:50:00	60600	1972	1917	0	1482	548	563	0	1243	1424	1354	0	239
16:55:00	60900	2018	1970	0	1530	617	552	0	1308	1401	1418	0	222
17:00:00	61200	2383	2283	0	1630	683	652	0	1339	1700	1631	0	291
17:05:00	61500	2564	2391	0	1803	833	641	0	1531	1731	1750	0	272
17:10:00	61800	2564	2354	0	2013	818	642	0	1707	1746	1712	0	306
17:15:00	62100	2775	2663	0	2125	863	754	0	1816	1912	1909	0	309
17:20:00	62400	2743	2750	0	2118	810	818	0	1808	1933	1932	0	310
17:25:00	62700	2915	2850	0	2183	940	795	0	1953	1975	2055	0	230
17:30:00	63000	2849	2741	0	2291	856	825	0	1984	1993	1916	0	307
17:35:00	63300	2844	2676	0	2459	894	736	0	2142	1950	1940	0	317
17:40:00	63600	3129	3049	0	2539	987	859	0	2270	2142	2190	0	269
17:45:00	63900	2859	2770	0	2628	918	833	0	2355	1941	1937	0	273
17:50:00	64200	3140	3150	0	2618	905	1003	0	2257	2235	2147	0	361
17:55:00	64500	3037	3314	0	2341	886	1060	0	2083	2151	2254	0	258
18:00:00	64800	3056	3044	0	2353	904	955	0	2032	2152	2089	0	321
18:05:00	65100	3131	3002	0	2482	965	866	0	2131	2166	2136	0	351
18:10:00	65400	3283	3278	0	2487	1023	958	0	2196	2260	2320	0	291
18:15:00	65700	2957	3016	0	2428	863	908	0	2151	2094	2108	0	277
18:20:00	66000	2825	2856	0	2397	813	903	0	2061	2012	1953	0	336
18:25:00	66300	2888	3075	0	2210	821	955	0	1927	2067	2120	0	283
18:30:00	66600	2568	2751	0	2027	701	884	0	1744	1867	1867	0	283
18:35:00	66900	2557	2759	0	1825	678	878	0	1544	1879	1881	0	281
18:40:00	67200	2319	2464	0	1680	676	718	0	1502	1643	1746	0	178
18:45:00	67500	2264	2361	0	1583	623	735	0	1390	1641	1626	0	193
18:50:00	67800	1992	2096	0	1479	530	669	0	1251	1462	1427	0	228
18:55:00	68100	1856	1976	0	1359	517	604	0	1164	1339	1372	0	195
19:00:00	68400	1715	1686	0	1388	511	450	0	1225	1204	1236	0	163
19:05:00	68700	1721	1726	0	1383	482	494	0	1213	1239	1232	0	170
19:10:00	69000	1756	1648	0	1491	540	412	0	1341	1216	1236	0	150
19:15:00	69300	1558	1565	0	1484	446	442	0	1345	1112	1123	0	139
19:20:00	69600	1497	1464	0	1517	432	408	0	1369	1065	1056	0	148
19:25:00	69900	1572	1759	0	1330	398	579	0	1188	1174	1180	0	142
19:30:00	70200	1491	1582	0	1239	402	524	0	1066	1089	1058	0	173
19:35:00	70500	1398	1665	0	972	334	570	0	830	1064	1095	0	142
19:40:00	70800	1170	1269	0	873	333	399	0	764	837	870	0	109
19:45:00	71100	1188	1230	0	831	331	369	0	726	857	861	0	105
19:50:00	71400	1036	1113	0	754	266	331	0	661	770	782	0	93
19:55:00	71700	1064	1132	0	686	287	339	0	609	777	793	0	77
20:00:00	72000	1054	1014	0	726	321	288	0	642	733	726	0	84
20:05:00	72300	1036	1019	0	743	311	298	0	655	725	721	0	88
20:10:00	72600	1013	991	0	765	289	267	0	677	724	724	0	88
20:15:00	72900	1078	1088	0	755	316	324	0	669	762	764	0	86
20:20:00	73200	1071	1094	0	732	311	318	0	662	760	776	0	70
20:25:00	73500	1014	997	0	749	285	294	0	653	729	703	0	96
20:30:00	73800	979	1003	0	725	273	283	0	643	706	720	0	82
20:35:00	74100	1113	1037	0	801	341	307	0	677	772	730	0	124
20:40:00	74400	979	961	0	819	301	244	0	734	678	717	0	85
20:45:00	74700	1041	1078	0	782	301	337	0	698	740	741	0	84
20:50:00	75000	1069	1097	0	754	294	349	0	643	775	748	0	111
20:55:00	75300	1028	1046	0	736	305	295	0	653	723	751	0	83
21:00:00	75600	1149	1078	0	807	355	308	0	700	794	770	0	107
21:05:00	75900	1105	1052	0	860	346	273	0	773	759	779	0	87
21:10:00	76200	1195	1091	0	964	383	297	0	859	812	794	0	105
21:15:00	76500	1333	1311	0	986	401	383	0	877	932	928	0	109
21:20:00	76800	1283	1247	0	1022	383	374	0	886	900	873	0	136
21:25:00	77100	1229	1213	0	1038	374	352	0	908	855	861	0	130
21:30:00	77400	1219	1261	0	996	361	382	0	887	858	879	0	109
21:35:00	77700	1111	1155	0	952	299	397	0	789	812	758	0	163
21:40:00	78000	981	1147	0	786	253	360	0	682	728	787	0	104
21:45:00	78300	932	972	0	746	249	292	0	639	683	680	0	107
21:50:00	78600	886	1016	0	616	216	311	0	544	670	705	0	72
21:55:00	78900	803	839	0	580	216	241	0	519	587	598	0	61
22:00:00	79200	801	765	0	616	250	195	0	574	551	570	0	42
22:05:00	79500	865	940	0	541	195	308	0	461	670	632	0	80
22:10:00	79800	682	724	0	499	170	183	0	448	512	541	0	51
22:15:00	80100	670	738	0	431	147	222	0	373	523	516	0	58
22:20:00	80400	580	622	0	389	148	163	0	358	432	459	0	31
22:25:00	80700	486	532	0	343	100	160	0	298	386	372	0	45
22:30:00	81000	340	445	0	238	59	142	0	215	281	303	0	23
22:35:00	81300	357	434	0	161	61	140	0	136	296	294	0	25
22:40:00	81600	228	241	0	148	57	68	0	125	171	173	0	23
22:45:00	81900	221	253	0	116	44	69	0	100	177	184	0	16
22:50:00	82200	158	174	0	100	32	46	0	86	126	128	0	14
22:55:00	82500	125	143	0	82	33	46	0	73	92	97	0	9
23:00:00	82800	66	95	0	53	8	39	0	42	58	56	0	11
23:05:00	83100	26	42	0	37	1	23	0	20	25	19	0	17
23:10:00	83400	14	31	0	20	0	13	0	7	14	18	0	13
23:15:00	83700	10	15	0	15	2	7	0	2	8	8	0	13
23:20:00	84000	0	2	0	13	0	0	0	2	0	2	0	11
23:25:00	84300	2	1	0	14	0	0	0	2	2	1	0	12
23:30:00	84600	0	0	0	14	0	0	0	2	0	0	0	12
23:35:00	84900	1	2	0	13	0	0	0	2	1	2	0	11
23:40:00	85200	0	1	0	12	0	0	0	2	0	1	0	10
23:45:00	85500	0	0	0	12	0	0	0	2	0	0	0	10
23:50:00	85800	0	0	0	12	0	0	0	2	0	0	0	10
23:55:00	86100	0	0	0	12	0	0	0	2	0	0	0	10
24:00:00	86400	0	0	12	0	0	0	2	0	0	0	10	0
24:05:00	86700	0	0	0	0	0	0	0	0	0	0	0	0
24:10:00	87000	0	0	0	0	0	0	0	0	0	0	0	0
24:15:00	87300	0	0	0	0	0	0	0	0	0	0	0	0
24:20:00	87600	0	0	0	0	0	0	0	0	0	0	0	0
24:25:00	87900	0	0	0	0	0	0	0	0	0	0	0	0
24:30:00	88200	0	0	0	0	0	0	0	0	0	0	0	0
24:35:00	88500	0	0	0	0	0	0	0	0	0	0	0	0
24:40:00	88800	0	0	0	0	0	0	0	0	0	0	0	0
24:45:00	89100	0	0	0	0	0	0	0	0	0	0	0	0
24:50:00	89400	0	0	0	0	0	0	0	0	0	0	0	0
24:55:00	89700	0	0	0	0	0	0	0	0	0	0	0	0
25:00:00	90000	0	0	0	0	0	0	0	0	0	0	0	0
25:05:00	90300	0	0	0	0	0	0	0	0	0	0	0	0
25:10:00	90600	0	0	0	0	0	0	0	0	0	0	0	0
25:15:00	90900	0	0	0	0	0	0	0	0	0	0	0	0
25:20:00	91200	0	0	0	0	0	0	0	0	0	0	0	0
25:25:00	91500	0	0	0	0	0	0	0	0	0	0	0	0
25:30:00	91800	0	0	0	0	0	0	0	0	0	0	0	0
25:35:00	92100	0	0	0	0	0	0	0	0	0	0	0	0
25:40:00	92400	0	0	0	0	0	0	0	0	0	0	0	0
25:45:00	92700	0	0	0	0	0	0	0	0	0	0	0	0
25:50:00	93000	0	0	0	0	0	0	0	0	0	0	0	0
25:55:00	93300	0	0	0	0	0	0	0	0	0	0	0	0
26:00:00	93600	0	0	0	0	0	0	0	0	0	0	0	0
26:05:00	93900	0	0	0	0	0	0	0	0	0	0	0	0
26:10:00	94200	0	0	0	0	0	0	0	0	0	0	0	0
26:15:00	94500	0	0	0	0	0	0	0	0	0	0	0	0
26:20:00	94800	0	0	0	0	0	0	0	0	0	0	0	0
26:25:00	95100	0	0	0	0	0	0	0	0	0	0	0	0
26:30:00	95400	0	0	0	0	0	0	0	0	0	0	0	0
26:35:00	95700	0	0	0	0	0	0	0	0	0	0	0	0
26:40:00	96000	0	0	0	0	0	0	0	0	0	0	0	0
26:45:00	96300	0	0	0	0	0	0	0	0	0	0	0	0
26:50:00	96600	0	0	0	0	0	0	0	0	0	0	0	0
26:55:00	96900	0	0	0	0	0	0	0	0	0	0	0	0
27:00:00	97200	0	0	0	0	0	0	0	0	0	0	0	0
27:05:00	97500	0	0	0	0	0	0	0	0	0	0	0	0
27:10:00	97800	0	0	0	0	0	0	0	0	0	0	0	0
27:15:00	98100	0	0	0	0	0	0	0	0	0	0	0	0
27:20:00	98400	0	0	0	0	0	0	0	0	0	0	0	0
27:25:00	98700	0	0	0	0	0	0	0	0	0	0	0	0
27:30:00	99000	0	0	0	0	0	0	0	0	0	0	0	0
27:35:00	99300	0	0	0	0	0	0	0	0	0	0	0	0
27:40:00	99600	0	0	0	0	0	0	0	0	0	0	0	0
27:45:00	99900	0	0	0	0	0	0	0	0	0	0	0	0
27:50:00	100200	0	0	0	0	0	0	0	0	0	0	0	0
27:55:00	100500	0	0	0	0	0	0	0	0	0	0	0	0
28:00:00	100800	0	0	0	0	0	0	0	0	0	0	0	0
28:05:00	101100	0	0	0	0	0	0	0	0	0	0	0	0
28:10:00	101400	0	0	0	0	0	0	0	0	0	0	0	0
28:15:00	101700	0	0	0	0	0	0	0	0	0	0	0	0
28:20:00	102000	0	0	0	0	0	0	0	0	0	0	0	0
28:25:00	102300	0	0	0	0	0	0	0	0	0	0	0	0
28:30:00	102600	0	0	0	0	0	0	0	0	0	0	0	0
28:35:00	102900	0	0	0	0	0	0	0	0	0	0	0	0
28:40:00	103200	0	0	0	0	0	0	0	0	0	0	0	0
28:45:00	103500	0	0	0	0	0	0	0	0	0	0	0	0
28:50:00	103800	0	0	0	0	0	0	0	0	0	0	0	0
28:55:00	104100	0	0	0	0	0	0	0	0	0	0	0	0
29:00:00	104400	0	0	0	0	0	0	0	0	0	0	0	0
29:05:00	104700	0	0	0	0	0	0	0	0	0	0	0	0
29:10:00	105000	0	0	0	0	0	0	0	0	0	0	0	0
29:15:00	105300	0	0	0	0	0	0	0	0	0	0	0	0
29:20:00	105600	0	0	0	0	0	0	0	0	0	0	0	0
29:25:00	105900	0	0	0	0	0	0	0	0	0	0	0	0
29:30:00	106200	0	0	0	0	0	0	0	0	0	0	0	0
29:35:00	106500	0	0	0	0	0	0	0	0	0	0	0	0
29:40:00	106800	0	0	0	0	0	0	0	0	0	0	0	0
29:45:00	107100	0	0	0	0	0	0	0	0	0	0	0	0
29:50:00	107400	0	0	0	0	0	0	0	0	0	0	0	0
29:55:00	107700	0	0	0	0	0	0	0	0	0	0	0	0
30:00:00	108000	0	0	0	0	0	0	0	0	0	0	0	0
30:05:00	108300	0	0	0	0	0	0	0	0	0	0	0	0
